6026868814
8306927091
9311857461
6239713373
7903301601
6026868757
7828266742
9953423864
7735434082
6307764531
6297232703
9473040990
6372429812
9527747475
8145242158
9359544396
9632846321
9666909813
7031834409
9743821123
7588556968
7758027716
7621917903
6396547355
8825923640
8778620651
9744854707
9130142892
7375051564
9635376744
6391521317
9121954067
9912921879
7488109902
9548068742
9973950219
9963784566
6200713648
9010345899
9399115597
7849822477
7849828332
6204114773
7835958670
8949677344
8809703141
7877272825
9352376625
6203644055
7849830612
8000164486
8000159814
7889398581
7576801452
9550650640
8010115046
7877408288
9566400838
7576801605
8824163022
7877228426
7576801533
7576801298
9560531018
7576807828
7319005072
7020287842
8879512681
6203440616
7803044365
8527865416
9994346090
7067805656
9085353602
7009184425
9996025521
7358913090
7576801489
6300234825
6377276479
9313339035
9805379941
7000534446
9085354607
8967947352
7982338540
9470091381
7868022045
9085354918
9085353714
8120018591
8650244790
9085353364
8317612903
7092960102
6379012178
7088048326
9905166597
9771729658
9111600618
7004424474
6296592033
9126779026
9085354603
8004532843
9926036466
8720912057
8595711653
8509084011
9126779023
9337207647
8610178965
7575947239
9826952174
9707101623
9085526179
9101146922
7576864127
8486705440
7099853527
8723090421
8486480890
9707108641
8462803604
7837132951
9560815371
8448149475
8721049164
9085839412
8847688023
7099929328
7838275704
9707708915
8449748937
7303473380
6203234774
9707621712
8920177420
9085795373
9707898830
8462026197
9696033939
8486931466
8723026561
8721049613
7099929314
7576864509
9324782741
9707709836
9871733869
8729939825
9841634331
9707708967
9707708904
7099588298
9707708907
7099852632
7576865270
9707898890
8439556746
8818819842
7099929313
8124262942
7566874029
9744030305
7099587596
7099612848
9724796039
7099929317
7576901448
9707100960
7566878579
9707709141
7099929315
8815332428
7099499412
8610476717
9941748294
7099929269
7662025412
9119145238
7838132314
7099499407
7099589231
7099589227
9707108912
3853944611
8448149590
9111320683
9707108910
9667786205
9791123015
7099929383
9826136926
9926013545
7440148750
7877262902
7099929500
9707898879
9707418050
7303427410
7099612701
7099499413
9707108602
6383029373
7042629441
8303151631
9631783568
7838132185
8637089877
8967676238
7550458841
6264521241
7247488580
9532433922
8143399873
6001062873
8985315273
9199333312
8619579064
9649768237
9205830908
9764584028
8376932100
9813317325
8933974758
7397446169
8688478891
6371257039
8058763853
6235440312
8310072167
9655639793
7013817161
9871193308
7217336937
9694910578
8291219068
9910357106
9535328508
9618771818
9983341661
7296095935
6394474358
8800482128
7617819611
8168413502
8296417292
9182335865
9448710854
9021216212
8466827038
9927957598
9753130560
9508603528
9347084074
9105025124
6264028698
9028603666
8460329611
7249407822
7908154783
7099634288
7019488824
8847531182
6388213153
9111016584
7887466795
7488679346
7814227809
8497879050
6205174487
8607585679
9182750837
7018940854
6281820131
9732367012
7743981719
7028677161
9322401640
9460080005
8018531372
8140875570
9643823661
9612434656
8945879676
9815718393
8590290894
9584263950
8756241777
7629837910
9182681252
8688533308
8107855007
9560442069
9500893603
7339423010
7849835422
8287158594
8890937625
9352627960
8824176048
7849902189
9414518439
7993256892
7849821415
9347719016
6235485062
8668278938
7398472697
7075159672
9030979052
7004514618
9083859465
8754238798
8817297688
8319925448
9305259139
7080075604
7099280694
9174016998
7067990568
9369488897
7997284558
8695872749
7099279187
7303473350
7099279604
7099279398
7099279583
9983060710
8462827492
7977939597
9034806070
7893228767
9019615593
9087110356
7013384732
7099279591
7099278512
7488194722
7049354308
8004680622
8472996512
8448149308
7099279597
9810520156
7099280583
9989753959
8851681410
8696495334
9643588216
8439949965
7099280532
9064889650
8595092311
8133853117
9265273500
9451822937
8778196779
9707982990
9707982996
8688898782
7849941665
8878354578
8838815730
9707010197
9824460010
8099127675
7977695224
6026868816
9871738573
6263264244
9958786542
6026868759
8099113204
7084212951
8271715571
8808876602
8099113860
7736559898
7304196051
9707983066
9818240787
8889002328
9986874356
9336252498
8837572450
9560429103
9964246957
9690533295
8086038976
8099113011
6005948004
9008188407
9971397497
8848387344
6026868805
8837321243
8639476855
8984140337
7778009382
7889611397
9351706273
7877220440
8320955282
8229093517
9340003226
7877264933
8955917470
7877207329
8101353640
7877415336
7850926939
7303442964
7073973770
9365049486
8000163553
9003603576
7877205280
9968840041
8344678088
9928994995
9351612778
9545544770
6238375870
9890011848
9351722721
8955952848
7877096608
6377607796
7496063525
8977429057
8778228675
7877414966
7850931439
8610059228
7905999212
9528675249
7684082951
9016670106
9351634328
9047513108
7877186926
8824834432
8955961753
6391597631
8943934288
7458952370
9670083579
8601394617
7411304645
9502121926
7310457996
7049670397
7678021264
9654880202
7729956222
9784889243
6302079091
9743823829
8588047413
7004337070
6291322553
8145615664
9009154481
9622065065
9896629021
9174637564
6269763295
9176189433
8880222161
8001766708
9532362911
7049372650
9509970475
6026899469
8145613402
8145615720
8112299841
7889365654
8145615490
7337269277
8624029724
8001766498
9603616802
6026255367
8001767688
9866694228
9619108923
6305348913
7797739235
8145615650
7717799415
8792683763
7566435263
6266266568
8403856119
8590425281
7357476143
8910300106
9645608800
8860811747
9126143781
7797740197
8145615857
7797739217
6026918993
7799535897
7013942003
8145612906
9992731060
8145612884
8145613101
9901322587
6377607987
9236770590
8736095315
9714733242
8287426248
9461676911
6379188961
9742581548
6294274395
6388329856
8830194402
8824306717
9346404657
8826536243
8310669856
7629044852
9301025642
9520527835
6301023431
7762084870
7052321582
7460029581
9435253790
9435253596
9531412633
8248164075
9686692397
8193998792
8269256667
9894312591
7780933276
7879574196
6388496005
8878101380
9354528285
9006477580
9653052940
6377205801
7719463340
9555048924
8092467525
9807776649
8762533066
9089484818
9466713598
7982051349
9080137673
9440452903
9879206601
9846815964
9629169427
6299228220
9066594445
8271934680
9354789630
8979070453
8116004934
8209937308
9571918991
8130807909
9111090696
9099347084
9302864665
6294289837
8187081708
7874484426
7807156953
8824800296
8824905745
9883380306
7068043917
9611911362
7877102927
6300101287
8824413291
7877186962
7510251337
8824901361
6376838096
7976452906
8292863188
6000912862
8955963953
8955901572
8955900209
7974011319
7850942803
9799144342
8000103885
6377603763
9024758527
9417906803
8247365604
9952555018
7570058529
6372376246
8917423812
9417910767
6299507867
6394816013
9463639425
6026471927
8220427385
8329160594
7982518936
9417981125
6370041604
9463703354
9080866755
9048917857
9463545236
9340243994
9352348665
9463344207
7037862594
9351547109
8279982263
9463107916
8979586145
9694928797
9870520809
9463451927
7876758824
7780147449
9463387047
7247437630
9654320849
9983542347
7004794952
8808367304
9331879555
6377608623
7877447664
9760379898
8955961201
7030748554
7878499787
8824187021
9090725346
8927424655
9119125921
6262759353
8119017946
7738780805
7878447900
6282892108
7850948498
8768630189
9310198609
7850942108
9310196713
7850940774
9310196716
9306125718
9352680249
9310196026
9351610372
9310199286
9435253534
9352680017
9435254256
9707983230
9310198505
8824494585
8824800138
9880842668
9310199965
9354802522
6377609167
7985290613
7878531260
8099113167
8099113209
9310198556
7896433481
7849915275
7982986916
9052790486
8884065721
7989600492
9553344092
6303211964
8530883661
7002183797
8419013530
9351712123
7058458350
7796207147
8824300681
9520220672
9305369246
9321897722
8588861075
6238013423
8668399385
8932993521
9176633579
8057675031
7078045351
8121213795
9729830842
8719964968
7036150177
7415015288
7078001842
9061932509
9877472517
9716002572
9351912526
9884979850
9226379242
7415649865
8089934028
9354578812
6205733159
7415283658
7581040897
7505991549
9560777577
8299275811
9631137643
7975982858
9082615983
9678224887
7036568923
6265600829
8619361188
9565124343
8944087587
6262773979
8510095485
9398204561
6302911518
8617803215
6005605408
9923896703
8435141187
9640269673
7593953284
9001912279
9351502808
8299691076
9404846324
8085524167
6377289093
9351314429
9351621452
9600702361
9351621723
6355517972
9351314302
6377267693
9509938187
9398828062
7303571995
8000117352
8824802542
6377658246
9878294324
7849821795
8824905530
7849824492
6377609185
8944053984
8901130211
7038463915
8434212029
9555964948
9351509158
6376825796
6377492571
9351366842
7878520056
9629829945
9509940580
9351356300
6376929685
6377921107
9886888653
8824901139
7838130562
6260905418
6281662993
9368199631
8789956986
9119342164
7662047158
6377492829
7429531264
9790525835
9358809995
7878518574
7891766381
6307756799
7429251340
8009646161
7662047149
7012908809
8433406575
9061069588
8109792421
8448229308
7429172393
9303357756
7429531269
7217748769
8824826673
6200758326
7662047519
7662047517
9653166891
7662046834
8427977260
9560865569
9637356115
7908360265
6377987038
9128970805
9963026177
7662047546
6376803673
7088935648
7429530121
7017942332
9085167688
7662046906
7662046917
7662047209
6376805145
7303635049
8955902149
8269624682
6376903160
7662046811
9351389953
7429531433
7061136641
6355697640
8506064302
9521801732
8824902229
7662045705
9571605456
8099113172
9707011825
8133859431
7559908156
8099112996
7662046889
8850937063
7662046909
9399248088
9301975901
6378535719
7049406894
8879534744
9643000363
7639163407
8099113692
8824901908
9707983212
9707011570
8099129765
6398094619
8099113183
9770531546
9894236388
9707011984
8099113001
7319897831
6265516433
7292093354
8572064265
9628169982
9693237990
8099113193
7317577332
9580735870
9707983220
8209428816
9838535152
9928516020
6382549158
9161424711
9761881000
9607556481
6379507532
9817416752
6386119547
7460905901
9129256600
6392729997
9620973539
6290930068
9663832526
6296482184
9779447707
9419855951
9795195487
7357759767
8975878038
8390764338
7742500147
9981420970
8769948610
9501462236
8851129553
9952263639
7000704602
8882877987
9123124053
6200675041
8821835668
8097180593
8923390163
8397830333
7904763731
8104269490
9801527476
6299442363
9619066455
9594700998
6009253919
9447158620
7619773786
9798520395
9489839221
8853426839
6354244665
7982419284
8812996194
7878569139
9351382768
9414776071
6386945129
6377923035
6377907436
9509937808
9351304905
8562838485
8824904049
6302223877
8824903118
8374341938
9605401238
7878520264
6378574915
6378540075
9016880676
7878506327
8955902119
7973805505
9159182897
6376907856
8824904424
9509936926
9234683255
6377228341
6377230421
6378595391
9509939252
9351508834
9509940195
8435733863
9991349576
6376907137
6378573885
9025673617
6377489044
8590219854
6377484670
6377911724
9351540460
7010227070
6376851739
8890968660
9351537024
9351506845
8249061203
6377664422
6376830839
6377663975
6376830547
8840954199
9989037214
8279287082
